1 0.001394
2 0.000000
3 0.000000
4 0.000158
5 0.012141
6 0.001117
7 -0.000473
8 0.000000
9 0.000471
10 0.000465
11 0.000158
12 0.000000
13 0.013683
14 0.002050
15 0.000000
16 0.000000
17 0.000158
18 -0.000155
19 0.000000
20 0.000000
21 0.001435
22 0.014664
23 0.000620
24 0.000788
25 0.000000
26 0.000000
27 0.000000
28 0.000000
29 0.000315
30 0.000000
31 0.000000
32 0.000000
33 -0.000473
34 0.000000
35 0.000000
36 0.000000
37 0.000000
38 0.002838
39 0.000000
40 0.000000
41 0.000160
42 -0.000155
43 0.000774
44 0.000000
45 0.000000
46 0.000000
47 0.005046
48 0.000000
49 0.000000
50 0.000155
51 -0.000158
52 -0.000310
53 0.000000
54 0.000000
55 0.000000
56 0.000000
57 0.002363
58 0.000000
59 0.000000
60 0.000000
61 0.000000
62 0.000000
63 0.000000
64 0.000000
65 0.014263
66 0.001117
67 0.000620
68 0.000000
69 0.000000
70 0.010249
71 0.000000
72 0.000000
73 -0.000944
74 0.000000
75 0.000000
76 0.000000
77 -0.000315
78 0.000000
79 0.002050
80 -0.000319
81 0.000310
82 0.000798
83 -0.000473
84 -0.000158
85 0.000958
86 -0.000156
87 0.000000
88 0.000000
89 0.003033
90 0.000000
91 0.000000
92 0.000000
93 0.000000
94 0.000000
95 0.000000
96 0.000000
97 0.000000
98 0.007411
99 0.000000
100 0.000000
101 0.000000
102 0.000000
103 0.000639
104 0.000000
105 0.000000
106 0.000000
107 0.000315
108 0.000000
109 0.000000
110 0.000000
111 0.000000
112 0.000000
113 0.000000
114 0.000000
115 0.000000
116 0.000000
117 0.000000
118 0.000000
119 -0.000155
120 0.000000
121 0.011646
122 0.000000
123 0.000000
124 0.000000
125 0.000000
126 0.000000
127 0.000000
128 0.000160
129 0.000000
130 0.000000
131 0.000000
132 0.000000
133 0.000000
134 0.000000
135 0.000000
136 0.000946
137 0.000479
138 0.000000
139 0.000000
140 0.000310
141 0.000000
142 0.000000
143 0.000000
144 -0.000155
145 0.000000
146 0.000000
147 0.000000
148 0.000000
149 0.011826
150 0.000000
151 0.000000
152 0.000000
153 -0.000155
154 0.000000
155 -0.000160
156 0.000000
157 0.000000
158 0.000479
159 -0.000479
160 0.000000
161 0.000000
162 0.000000
163 0.000000
164 0.000000
165 0.000000
166 0.000000
167 0.000473
168 0.000000
169 0.000000
170 -0.000639
171 0.000465
172 0.000000
173 0.000000
174 0.000000
175 0.000000
176 0.000000
177 -0.000631
178 0.000000
179 0.000000
180 0.000000
181 0.000000
182 0.000000
183 0.000000
184 0.000000
185 0.000000
186 0.000000
187 0.000000
188 0.000000
189 0.000000
190 0.000000
191 0.000000
192 0.000000
193 0.004896
194 0.002523
195 0.000000
196 0.000000
197 0.000000
198 0.000000
199 0.002478
200 0.000000
201 -0.000631
202 0.002075
203 0.000000
204 0.000000
205 0.000155
206 0.000000
207 0.000000
208 0.000000
209 0.001892
210 0.000000
211 0.000000
212 0.000000
213 0.000000
214 0.000000
215 -0.000310
216 0.000000
217 0.000000
218 0.000000
219 0.000000
220 0.000000
221 0.000000
222 0.000000
223 0.000000
224 0.000000
225 -0.000310
226 0.001084
227 -0.000158
228 0.001107
229 0.000000
230 0.000000
231 0.001925
232 0.000000
233 0.000788
234 0.000310
235 0.000000
236 0.000000
237 0.000000
238 0.000000
239 0.000000
240 0.000000
241 0.000158
242 0.000315
243 0.000000
244 0.000000
245 0.000000
246 0.000000
247 0.000000
248 0.000000
249 0.000000
250 0.000000
251 0.000000
252 0.000310
253 0.000000
254 0.000929
255 -0.000160
256 0.000000
257 0.000000
258 0.000000
259 0.003154
260 0.004337
261 0.000000
262 0.000000
263 0.000000
264 0.000000
265 0.000000
266 0.001437
267 0.000000
268 0.000000
269 0.000000
270 0.001577
271 0.000000
272 0.000000
273 -0.000310
274 0.000000
275 0.001084
276 0.000000
277 0.000000
278 0.009758
279 0.000310
280 0.000000
281 0.000000
282 0.000000
283 0.000000
284 0.000000
285 0.000000
286 0.000802
287 0.000000
288 0.000000
289 0.001596
290 0.000000
291 0.000000
292 0.000000
293 -0.000479
294 0.000000
295 -0.000155
296 0.000000
297 0.000000
298 0.000000
299 0.000000
300 0.000000
301 0.000465
302 0.000000
303 0.000000
304 0.000000
305 0.000315
306 0.000000
307 0.000000
308 0.000000
309 0.000172
310 0.000000
311 0.000000
312 0.000000
313 0.000000
314 0.000000
315 0.000000
316 0.000000
317 0.000000
318 0.000000
319 0.000000
320 0.001419
321 0.001859
322 0.005109
323 0.000000
324 0.000000
325 -0.000315
326 0.000000
327 0.000958
328 0.000000
329 -0.000470
330 0.000000
331 0.000000
332 0.000000
333 0.000000
334 0.003308
335 0.001704
336 0.000000
337 0.002225
338 0.000000
339 0.000000
340 0.000155
341 0.000000
342 0.000798
343 -0.000319
344 -0.000158
345 0.001437
346 0.000315
347 0.001729
348 0.000000
349 0.000000
350 0.000000
351 0.000000
352 0.000000
353 0.000000
354 0.002478
355 0.000620
356 -0.000631
357 -0.001104
358 -0.000155
359 0.000000
360 0.000000
361 0.000000
362 0.000000
363 0.002636
364 0.000000
365 0.000000
366 0.000000
367 0.000000
368 0.000000
369 0.000000
370 0.000000
371 0.000000
372 0.000000
373 0.002874
374 0.000000
375 0.000000
376 0.000000
377 0.002365
378 0.000315
379 0.000000
380 0.000000
381 0.000000
382 0.000000
383 0.000000
384 -0.000631
385 0.000798
386 0.000000
387 0.000000
388 0.000000
389 -0.000155
390 -0.000160
391 -0.000929
392 0.000000
393 0.000000
394 0.000000
395 0.000473
396 0.000465
397 0.000000
398 0.000000
399 0.000000
400 0.000000
401 0.000000
402 -0.000160
403 0.000000
404 0.000000
405 0.002625
406 0.001084
407 0.000000
408 0.002131
409 0.000000
410 0.000631
411 0.000000
412 0.000000
413 0.000310
414 0.000000
415 0.000000
416 0.000319
417 0.000000
418 0.000000
419 0.000158
420 0.000000
421 0.000000
422 0.000000
423 0.001394
424 0.000000
425 0.000000
426 0.000000
427 0.000000
428 0.000000
429 0.000000
430 0.000000
431 0.000000
432 0.000000
433 0.000000
434 0.000000
435 0.000000
436 0.000000
437 0.000000
438 0.000000
439 0.000000
440 0.000000
441 -0.000479
442 0.000000
443 0.000000
444 0.000000
445 0.000000
446 0.000000
447 0.000000
448 0.000000
449 0.008621
450 0.000000
451 0.000000
452 0.003253
453 0.000000
454 0.000000
455 0.000000
456 0.000000
457 -0.000158
458 0.000465
459 0.000000
460 0.000000
461 0.000946
462 0.000000
463 0.000155
464 0.000000
465 0.000158
466 -0.000639
467 0.000000
468 0.000000
469 0.000158
470 0.000956
471 0.000000
472 0.003512
473 0.000000
474 0.000000
475 0.000000
476 0.000000
477 -0.000160
478 0.000310
479 0.000000
480 0.000000
481 0.000155
482 0.000000
483 0.000000
484 -0.000319
485 0.000000
486 0.000000
487 0.000000
488 0.000000
489 0.000000
490 0.000310
491 -0.000160
492 0.000000
493 0.000000
494 0.000000
495 0.000000
496 0.000000
497 0.016758
498 -0.000160
499 0.000465
500 0.000000
501 0.001925
502 0.000000
503 0.000000
504 0.000000
505 0.000000
506 0.000631
507 0.000000
508 0.000000
509 0.000000
510 0.000315
511 0.001734
512 0.000000
513 0.001112
514 0.001090
515 0.001756
516 0.000000
517 -0.000315
518 0.000000
519 0.000000
520 0.000000
521 0.000924
522 0.000160
523 0.000000
524 0.000000
525 0.000000
526 0.000788
527 0.000000
528 -0.001104
529 0.000798
530 0.015485
531 0.000000
532 -0.000155
533 0.000310
534 0.000000
535 0.000000
536 0.000000
537 0.000000
538 0.001117
539 -0.000321
540 0.000000
541 0.000000
542 -0.001117
543 0.000000
544 0.000155
545 0.000000
546 0.000000
547 0.000000
548 0.000000
549 0.000000
550 0.000000
551 0.000000
552 0.000000
553 0.000000
554 0.000000
555 -0.000160
556 0.000000
557 0.000000
558 0.000000
559 0.000000
560 0.000774
561 0.000000
562 0.000000
563 0.000000
564 0.000000
565 -0.000310
566 0.000000
567 0.000000
568 0.000000
569 0.000000
570 -0.000310
571 0.000000
572 0.000315
573 0.000155
574 0.000000
575 0.000000
576 0.028965
577 0.001756
578 0.000798
579 0.000000
580 0.001394
581 0.000000
582 0.002066
583 0.000000
584 0.002208
585 0.000639
586 0.000000
587 0.000000
588 0.000000
589 0.000000
590 0.000000
591 0.000000
592 0.000000
593 0.000000
594 0.000000
595 0.000000
596 0.000000
597 0.000000
598 -0.000334
599 0.000155
600 0.000000
601 0.000000
602 0.000000
603 0.000000
604 0.000000
605 0.000000
606 0.000000
607 0.000000
608 0.001277
609 0.000000
610 0.000000
611 0.000000
612 0.003512
613 0.000000
614 0.000620
615 0.000479
616 0.001591
617 0.000155
618 0.000000
619 0.001104
620 0.000000
621 0.000000
622 0.000798
623 0.000000
624 0.000000
625 0.000000
626 0.001756
627 0.000000
628 0.000000
629 0.000000
630 0.000000
631 0.000000
632 0.000000
633 0.002883
634 0.000000
635 0.002216
636 0.000000
637 -0.000479
638 0.000000
639 0.000000
640 0.000000
641 0.000000
642 0.000000
643 0.000000
644 0.000315
645 0.000000
646 0.000000
647 0.000000
648 0.000000
649 0.000479
650 0.000158
651 0.000000
652 0.000000
653 0.000000
654 0.000000
655 0.000000
656 0.000000
657 0.000000
658 0.000000
659 0.000798
660 0.000479
661 0.000000
662 0.000000
663 0.000000
664 0.001596
665 0.000000
666 0.000000
667 0.000000
668 0.000000
669 0.004179
670 0.000319
671 0.000000
672 0.000000
673 0.000000
674 0.000000
675 0.000000
676 -0.000158
677 0.000000
678 -0.000631
679 0.000000
680 0.000000
681 0.000473
682 -0.001239
683 0.004957
684 0.000000
685 0.012772
686 0.000000
687 0.000000
688 0.000000
689 0.000000
690 0.000000
691 0.000000
692 0.000000
693 0.000000
694 0.000000
695 0.000000
696 0.000000
697 0.000000
698 0.000000
699 -0.000465
700 0.000639
701 0.000000
702 0.000000
703 0.000000
704 0.000000
705 0.000000
706 0.000000
707 0.000000
708 0.000000
709 0.000000
710 0.000000
711 0.000000
712 0.000000
713 0.000000
714 0.000000
715 0.000000
716 0.000000
717 0.000000
718 0.000000
719 0.000000
720 0.000000
721 0.000000
722 0.000000
723 0.000000
724 0.000000
725 0.000000
726 0.000000
727 0.000000
728 0.000155
729 0.000000
730 0.000000
731 0.000000
732 0.000000
733 0.000000
734 0.000000
735 0.000000
736 0.000000
737 0.000000
738 0.000000
739 0.000000
740 0.000000
741 0.000000
742 0.000000
743 0.000000
744 0.000000
745 0.000000
746 0.000000
747 0.000000
748 0.000000
749 0.000000
750 0.000000
751 0.000000
752 0.000000
753 0.000000
754 0.000000
755 0.000000
756 0.000000
757 0.000000
758 -0.000160
759 0.000000
760 0.000000
761 0.000000
762 0.000479
763 0.011826
764 0.000000
765 0.000000
766 0.000000
767 0.000000
768 0.000000
769 0.003726
770 0.011512
771 0.000000
772 0.000000
773 -0.000631
774 -0.000166
775 0.000000
776 0.000000
777 0.000000
778 0.000000
779 0.000798
780 0.000000
781 -0.000310
782 0.000000
783 0.000479
784 0.000000
785 -0.000631
786 0.000000
787 0.000000
788 0.003662
789 0.000000
790 0.000000
791 0.000000
792 0.000000
793 0.000000
794 -0.000631
795 0.000160
796 0.000000
797 0.000629
798 0.000000
799 0.000000
800 0.000000
801 0.000639
802 -0.000310
803 0.000932
804 0.000000
805 0.000000
806 0.000000
807 0.001417
808 0.000000
809 0.000000
810 0.008515
811 -0.000460
812 0.000000
813 0.000000
814 0.000000
815 0.000000
816 0.000000
817 0.000000
818 0.002395
819 0.000000
820 0.000155
821 0.000000
822 0.000310
823 0.000000
824 0.000000
825 0.000000
826 0.000000
827 0.000000
828 0.000000
829 0.000000
830 0.000000
831 0.000000
832 0.000003
833 0.000000
834 0.000000
835 0.000479
836 0.000000
837 0.000000
838 0.000000
839 0.000000
840 -0.000473
841 0.000000
842 -0.000155
843 0.000000
844 0.000000
845 0.000000
846 0.000000
847 0.000000
848 -0.000155
849 0.000000
850 0.000000
851 0.000000
852 0.000000
853 0.000000
854 0.000000
855 0.000000
856 0.000000
857 0.000000
858 0.029436
859 -0.000315
860 0.000000
861 0.000000
862 0.000000
863 0.000000
864 0.000473
865 0.000000
866 0.000000
867 0.000000
868 0.000000
869 0.000000
870 -0.000158
871 0.000155
872 0.002075
873 0.000000
874 0.000000
875 0.000000
876 0.002523
877 0.000000
878 0.000000
879 0.000000
880 0.000000
881 0.000000
882 0.000000
883 0.000000
884 -0.000319
885 -0.000155
886 0.000000
887 0.003253
888 0.001277
889 0.000000
890 0.000000
891 0.000000
892 0.000000
893 0.002323
894 0.000155
895 0.000473
896 0.000946
897 0.001277
898 0.000000
899 0.000000
900 0.000000
901 0.000000
902 0.000000
903 0.002208
904 0.000000
905 0.000000
906 0.000000
907 0.000000
908 0.003942
909 0.000000
910 0.000000
911 0.000958
912 0.000000
913 0.000000
914 0.000000
915 0.000000
916 0.000000
917 0.000000
918 0.000000
919 0.000000
920 0.000000
921 0.000000
922 0.000639
923 0.013621
924 0.000000
925 0.000000
926 0.000000
927 -0.000155
928 0.000000
929 0.000000
930 -0.000155
931 0.000000
932 0.000000
933 0.000000
934 0.000000
935 0.000000
936 0.000000
937 0.000000
938 0.000000
939 -0.000315
940 0.000000
941 0.000620
942 0.000000
943 0.000000
944 0.000000
945 0.000000
946 0.000000
947 0.000000
948 0.000000
949 0.000000
950 0.000000
951 0.000000
952 0.000000
953 0.000000
954 0.000000
955 0.000000
956 0.000000
957 0.000000
958 0.000000
959 -0.000315
960 0.000000
961 0.000155
962 -0.000798
963 0.001437
964 0.000000
965 0.001859
966 0.001916
967 0.000000
968 0.000000
969 0.000000
970 -0.000158
971 0.000000
972 0.014870
973 0.000000
974 0.000000
975 0.000929
976 0.008142
977 0.000324
978 0.000000
979 0.000788
980 0.000155
981 0.000000
982 0.000000
983 0.000000
984 0.000000
985 0.000000
986 0.002235
987 0.000938
988 0.000000
989 0.000000
990 0.000000
991 0.000000
992 0.000000
993 0.000000
994 0.000000
995 0.000000
996 0.000144
997 0.000000
998 -0.000155
999 0.000000
1000 0.000929
1001 0.000000
1002 0.000000
1003 0.000000
1004 0.000319
1005 0.000000
1006 0.000000
1007 0.000000
1008 0.000000
1009 0.000000
1010 0.000000
1011 0.000000
1012 0.006147
1013 0.000000
1014 0.000000
1015 0.000000
1016 0.000000
1017 0.000000
1018 0.000000
1019 0.000155
1020 0.000000
1021 0.000000
1022 0.000000
1023 0.000788
1024 0.001704
1025 -0.000774
1026 0.008515
1027 0.000000
1028 -0.000315
1029 0.005521
1030 0.001859
1031 0.000000
1032 0.001084
1033 0.000000
1034 0.000000
1035 0.000000
1036 0.000000
1037 -0.000315
1038 -0.000639
1039 0.000000
1040 0.000000
1041 -0.000158
1042 0.000000
1043 0.000000
1044 0.000000
1045 0.001239
1046 0.004637
1047 0.000000
1048 0.000000
1049 0.000158
1050 0.000000
1051 0.000160
1052 0.000000
1053 0.000000
1054 0.000000
1055 0.000315
1056 0.001117
1057 0.000465
1058 0.000000
1059 0.000000
1060 0.002169
1061 0.000000
1062 0.000000
1063 0.000000
1064 0.000000
1065 0.000000
1066 -0.000155
1067 0.000000
1068 0.000000
1069 0.000000
1070 0.000000
1071 0.000000
1072 0.000000
1073 0.000000
1074 0.000783
1075 0.000000
1076 0.000000
1077 0.000000
1078 0.001394
1079 0.000000
1080 0.000000
1081 0.000473
1082 0.000000
1083 0.000000
1084 0.000000
1085 0.000000
1086 0.000000
1087 0.000000
1088 0.000000
1089 0.000000
1090 0.000000
1091 0.000000
1092 0.001441
1093 0.000310
1094 -0.000319
1095 0.000000
1096 0.000920
1097 0.028961
1098 -0.000473
1099 0.001117
1100 0.000000
1101 0.000000
1102 0.000000
1103 0.000000
1104 0.000000
1105 0.000639
1106 0.000310
1107 0.000000
1108 0.002075
1109 0.000639
1110 -0.000946
1111 0.000944
1112 0.001277
1113 0.000000
1114 0.000000
1115 0.000479
1116 0.004492
1117 0.000000
1118 0.000000
1119 0.000000
1120 0.000788
1121 -0.001117
1122 0.000160
1123 0.001117
1124 0.000000
1125 0.000000
1126 0.000000
1127 0.000946
1128 0.000000
1129 -0.000155
1130 0.000000
1131 0.000000
1132 0.000000
1133 0.000000
1134 0.000000
1135 0.000000
1136 0.000000
1137 0.000000
1138 0.000310
1139 0.000000
1140 0.000000
1141 0.000000
1142 0.000000
1143 0.000000
1144 0.000000
1145 0.000155
1146 0.000000
1147 0.000155
1148 0.000000
1149 0.001277
1150 0.000000
1151 0.000000
1152 -0.000155
1153 0.001704
1154 0.005266
1155 0.000000
1156 -0.000158
1157 0.000000
1158 0.000620
1159 0.000000
1160 0.000000
1161 0.000000
1162 0.000000
1163 0.000000
1164 0.000000
1165 0.000000
1166 0.000465
1167 0.000000
1168 0.000000
1169 0.005851
1170 0.000000
1171 0.000000
1172 0.000000
1173 -0.000155
1174 -0.000155
1175 0.000000
1176 0.000000
1177 0.001394
1178 0.000000
1179 0.000000
1180 0.000000
1181 0.004042
1182 0.000000
1183 0.000000
1184 -0.000315
1185 0.000000
1186 0.000000
1187 0.000000
1188 0.000000
1189 0.000000
1190 0.000000
1191 0.001277
1192 0.008199
1193 0.000479
1194 0.000000
1195 0.000000
1196 0.000620
1197 0.000000
1198 0.000000
1199 0.000000
1200 0.000000
1201 0.000000
1202 0.000000
1203 0.000000
1204 0.015295
1205 0.000000
1206 0.000000
1207 0.000000
1208 0.000000
1209 0.000000
1210 0.000000
1211 0.000465
1212 0.000000
1213 0.003469
1214 0.000000
1215 0.000000
1216 0.000000
1217 0.000639
1218 0.000000
1219 0.000000
1220 0.000000
1221 0.000000
1222 0.000000
1223 0.000000
1224 -0.000319
1225 0.000000
1226 0.000000
1227 0.000000
1228 0.000000
1229 0.002835
1230 0.000000
1231 0.000952
1232 0.000000
1233 0.000000
1234 0.000158
1235 0.000000
1236 0.000000
1237 0.000000
1238 0.000000
1239 0.000000
1240 0.000000
1241 0.000000
1242 0.000479
1243 0.000000
1244 0.000000
1245 0.002474
1246 0.001916
1247 0.002788
1248 0.000000
1249 0.000000
1250 0.000000
1251 0.000000
1252 -0.000158
1253 0.000000
1254 0.000000
1255 0.000000
1256 0.028360
1257 0.000000
1258 0.000000
1259 0.000000
1260 0.000000
1261 0.000000
1262 0.000000
1263 0.000000
1264 0.000000
1265 0.000000
1266 0.000929
1267 0.000000
1268 0.000958
1269 0.000000
1270 0.000000
1271 0.000000
1272 0.000000
1273 0.032373
1274 0.000000
1275 0.000000
1276 0.000000
1277 0.000000
1278 0.000000
1279 0.000319
1280 0.000000
1281 -0.000158
1282 0.000000
1283 0.000000
1284 0.001288
1285 0.000000
1286 0.000774
1287 0.000000
1288 0.000323
1289 0.000000
1290 0.000000
1291 0.000000
1292 0.000000
1293 0.000479
1294 0.000000
1295 0.000000
1296 0.000000
1297 0.000000
1298 0.000000
1299 0.000000
1300 0.000000
1301 0.000310
1302 0.000634
1303 0.000000
1304 0.000000
1305 0.000000
1306 0.000000
1307 0.000000
1308 0.000000
1309 0.000000
1310 -0.000160
1311 -0.000315
1312 0.000000
1313 0.000000
1314 0.000000
1315 0.000000
1316 0.002788
1317 0.000000
1318 0.000000
1319 0.000000
1320 0.000000
1321 0.000000
1322 0.000000
1323 0.000000
1324 0.000000
1325 0.000624
1326 0.000000
1327 0.000000
1328 0.000000
1329 0.000000
1330 0.002332
1331 0.000000
1332 0.001277
1333 0.002578
1334 -0.000160
1335 0.000000
1336 0.003033
1337 0.000000
1338 0.000000
1339 0.000000
1340 0.013876
1341 -0.000315
1342 0.000155
1343 0.000000
1344 0.002365
1345 0.004699
1346 0.000155
1347 0.000798
1348 0.000000
1349 0.018457
1350 0.003940
1351 0.000000
1352 0.000000
1353 0.000000
1354 0.002788
1355 0.000000
1356 0.000000
1357 0.000000
1358 -0.000158
1359 0.001117
1360 0.000000
1361 -0.000774
1362 -0.000321
1363 0.002714
1364 -0.000155
1365 -0.000315
1366 0.007369
1367 0.000000
1368 0.008851
1369 0.000158
1370 0.000467
1371 0.000000
1372 0.000000
1373 0.000958
1374 0.001859
1375 -0.000310
1376 0.000000
1377 0.000000
1378 0.000000
1379 0.000155
1380 0.000474
1381 -0.001259
1382 0.000000
1383 0.000155
1384 0.001104
1385 0.000000
1386 -0.000003
1387 0.000000
1388 0.000000
1389 0.000000
1390 0.000000
1391 0.000000
1392 0.000000
1393 0.000000
1394 0.000000
1395 0.000000
1396 0.000000
1397 0.000000
1398 -0.000310
1399 0.000307
1400 0.000000
1401 0.000000
1402 0.000000
1403 0.000000
1404 0.000000
1405 0.000946
1406 0.000000
1407 0.000319
1408 0.003033
1409 0.000315
1410 0.000000
1411 0.000000
1412 0.002662
1413 0.000000
1414 0.034542
1415 0.000000
1416 0.000315
1417 0.001084
1418 0.000000
1419 0.000000
1420 0.000000
1421 0.000000
1422 0.000000
1423 0.000000
1424 0.000000
1425 0.004613
1426 0.007253
1427 -0.000158
1428 0.003193
1429 -0.000310
1430 0.002838
1431 0.000000
1432 0.000000
1433 0.002159
1434 0.001577
1435 0.001084
1436 0.006780
1437 0.001596
1438 0.000643
1439 0.000000
1440 0.000000
1441 0.000798
1442 0.000000
1443 0.000000
1444 0.000000
1445 0.000000
1446 0.000798
1447 0.000465
1448 -0.000158
1449 0.002335
1450 0.000000
1451 0.000315
1452 0.001277
1453 0.000000
1454 0.000310
1455 0.000000
1456 0.015888
1457 0.000000
1458 0.000000
1459 0.000000
1460 0.000000
1461 0.000946
1462 0.000000
1463 0.000000
1464 0.000000
1465 0.000000
1466 0.000000
1467 0.000000
1468 0.000000
1469 0.000000
1470 0.000000
1471 0.000000
1472 0.000000
1473 0.000000
1474 0.000000
1475 -0.000155
1476 -0.000158
1477 0.000000
1478 0.004802
1479 0.001916
1480 0.000000
1481 0.000788
1482 0.000000
1483 0.000000
1484 0.000000
1485 0.000000
1486 0.001408
1487 0.000000
1488 0.000639
1489 0.000788
1490 0.012612
1491 0.000000
1492 0.000155
1493 0.002838
1494 0.000631
1495 0.002365
1496 -0.000774
1497 0.000000
1498 0.000000
1499 0.000000
1500 0.000000
1501 0.000000
1502 -0.000310
1503 0.000465
1504 0.000000
1505 0.000000
1506 -0.000319
1507 0.000000
1508 0.000000
1509 0.000000
1510 0.000000
1511 0.000000
1512 0.000158
1513 0.000000
1514 0.000000
1515 0.000000
1516 0.000000
1517 0.000000
1518 0.000000
1519 0.000000
1520 0.000000
1521 0.000000
1522 0.000000
1523 0.000000
1524 -0.000465
1525 0.000000
1526 -0.000473
1527 0.000000
1528 0.005339
1529 0.000000
1530 0.000774
1531 -0.000158
1532 0.000000
1533 0.000000
1534 0.004730
1535 0.000000
1536 0.000000
1537 0.001698
1538 -0.000310
1539 0.000000
1540 0.000000
1541 0.000000
1542 0.000000
1543 0.002235
1544 0.000000
1545 0.000000
1546 0.000000
1547 0.000000
1548 0.000000
1549 0.000479
1550 0.000000
1551 0.000000
1552 0.030747
1553 0.000000
1554 0.000000
1555 0.000000
1556 0.000000
1557 0.000000
1558 0.000639
1559 0.000000
1560 0.000000
1561 0.000000
1562 0.000000
1563 -0.000790
1564 0.000000
1565 0.000639
1566 -0.000639
1567 0.000000
1568 0.001277
1569 0.000160
1570 0.000000
1571 0.000000
1572 0.001084
1573 0.000000
1574 0.001277
1575 0.001253
1576 0.000000
1577 0.000000
1578 -0.000155
1579 0.000000
1580 0.000000
1581 0.000000
1582 0.000000
1583 0.000000
1584 0.000000
1585 0.000625
1586 0.000000
1587 0.000479
1588 0.000315
1589 0.000000
1590 0.000000
1591 0.000000
1592 0.000479
1593 0.000000
1594 0.000000
1595 0.000000
1596 0.000000
1597 0.000000
1598 0.000315
1599 0.000000
1600 0.000000
1601 0.000000
1602 0.004257
1603 0.000000
1604 0.000946
1605 0.000000
1606 0.000000
1607 0.000158
1608 0.000000
1609 0.000000
1610 0.000000
1611 0.000000
1612 0.000000
1613 0.000479
1614 0.000000
1615 0.000000
1616 0.000000
1617 0.000000
1618 0.000000
1619 0.000000
1620 -0.000319
1621 0.000000
1622 0.000000
1623 0.000000
1624 0.004888
1625 0.003352
1626 0.000000
1627 0.000000
1628 0.000000
1629 -0.000631
1630 0.000155
1631 0.000155
1632 0.000000
1633 0.001596
1634 0.000000
1635 0.000000
1636 0.000000
1637 0.000000
1638 0.000000
1639 0.000000
1640 0.000294
1641 0.000000
1642 0.000479
1643 0.000319
1644 0.000000
1645 0.000000
1646 0.000000
1647 0.000000
1648 0.000000
1649 0.000000
1650 0.000000
1651 0.000000
1652 0.000958
1653 0.000788
1654 -0.000155
1655 0.000000
1656 0.000000
1657 0.001104
1658 0.000000
1659 0.002085
1660 0.000000
1661 0.002478
1662 0.000000
1663 0.002365
1664 0.014397
1665 0.000000
1666 0.000000
1667 0.000000
1668 0.000000
1669 0.000000
1670 0.000000
1671 0.000000
1672 0.000000
1673 0.000000
1674 0.000000
1675 0.000000
1676 0.000000
1677 0.000000
1678 0.000000
1679 0.000000
1680 0.000000
1681 0.000000
1682 0.000000
1683 0.000000
1684 0.000000
1685 0.000000
1686 0.000000
1687 -0.000158
1688 -0.000155
1689 0.000000
1690 0.000160
1691 0.000465
1692 0.000000
1693 0.000158
1694 0.000631
1695 0.000000
1696 0.000000
1697 0.000000
1698 -0.000952
1699 0.000929
1700 0.000000
1701 0.000000
1702 0.000000
1703 0.001901
1704 0.000620
1705 0.000000
1706 0.001277
1707 0.000000
1708 0.000000
1709 0.000000
1710 0.000000
1711 0.000000
1712 0.000000
1713 0.000000
1714 0.000000
1715 0.000000
1716 0.000000
1717 0.000000
1718 0.000000
1719 -0.000155
1720 0.000000
1721 -0.000319
1722 0.000000
1723 0.000000
1724 0.000000
1725 0.000000
1726 0.000000
1727 0.000000
1728 0.000479
1729 0.000000
1730 0.000000
1731 0.000000
1732 0.000319
1733 0.000000
1734 0.000315
1735 0.000000
1736 0.000000
1737 0.000000
1738 0.000000
1739 0.000000
1740 0.000000
1741 0.000000
1742 0.000000
1743 0.000000
1744 0.000000
1745 0.000000
1746 0.000000
1747 0.000000
1748 0.000000
1749 0.000000
1750 0.000000
1751 0.000000
1752 0.000000
1753 0.000000
1754 0.000000
1755 0.000000
1756 0.000000
1757 0.000000
1758 0.002874
1759 0.000000
1760 0.000000
1761 0.000000
1762 0.000000
1763 0.000000
1764 0.000000
1765 0.000000
1766 0.000000
1767 0.000000
1768 0.000000
1769 0.000000
1770 0.000155
1771 0.000000
1772 0.000000
1773 0.000000
1774 0.000000
1775 0.000000
1776 0.000000
1777 0.000160
1778 0.000000
1779 0.000000
1780 0.000000
1781 0.000000
1782 0.000000
1783 0.000000
1784 0.000000
1785 0.000000
1786 0.000000
1787 0.000000
1788 0.000000
1789 0.000000
1790 0.000000
1791 0.000000
1792 0.000000
1793 -0.000470
1794 -0.000792
1795 0.001281
1796 0.000000
1797 0.000000
1798 0.000000
1799 0.000000
1800 -0.000631
1801 0.004257
1802 -0.001239
1803 0.000000
1804 0.002075
1805 0.000000
1806 0.000000
1807 0.001756
1808 0.002075
1809 0.000000
1810 -0.000310
1811 0.000000
1812 0.000000
1813 0.000953
1814 0.000000
1815 0.000160
1816 0.000000
1817 0.000000
1818 0.000000
1819 -0.000774
1820 0.000000
1821 0.000000
1822 0.000000
1823 0.000000
1824 0.000000
1825 0.000000
1826 0.000473
1827 0.000000
1828 -0.000315
1829 0.000315
1830 0.000958
1831 0.000000
1832 0.000000
1833 0.000000
1834 0.000000
1835 0.000000
1836 0.000000
1837 0.000000
1838 -0.001277
1839 0.000000
1840 0.000000
1841 0.000155
1842 0.000788
1843 -0.000155
1844 0.000000
1845 0.000000
1846 0.002169
1847 0.001744
1848 0.000160
1849 -0.000319
1850 0.000000
1851 -0.000946
1852 0.000319
1853 0.001756
1854 0.001707
1855 0.000000
1856 0.000000
1857 0.000319
1858 -0.000155
1859 0.001419
1860 0.000000
1861 0.000000
1862 0.000000
1863 0.000000
1864 0.000000
1865 0.000000
1866 0.000774
1867 0.000000
1868 0.000000
1869 0.000000
1870 0.000000
1871 0.002058
1872 0.000000
1873 0.000000
1874 0.000000
1875 0.001106
1876 0.001596
1877 0.000000
1878 0.000000
1879 -0.000315
1880 0.000000
1881 0.002633
1882 0.000000
1883 0.000000
1884 0.000000
1885 0.000000
1886 0.000000
1887 0.000946
1888 0.000000
1889 0.000155
1890 0.000000
1891 0.000315
1892 0.000000
1893 0.000000
1894 0.000000
1895 0.005206
1896 0.000000
1897 0.000798
1898 0.000000
1899 0.000158
1900 0.000000
1901 0.000000
1902 0.000000
1903 0.000000
1904 0.000000
1905 0.000000
1906 -0.000310
1907 0.000319
1908 0.000929
1909 0.000000
1910 0.000155
1911 0.000958
1912 0.001437
1913 0.000000
1914 0.000000
1915 0.000000
1916 0.000000
1917 0.000000
1918 0.000160
1919 0.000000
1920 0.005513
1921 0.000310
1922 0.000000
1923 0.000000
1924 0.000000
1925 0.000000
1926 0.000160
1927 0.000000
1928 0.000000
1929 0.000000
1930 0.001256
1931 0.000000
1932 0.000000
1933 0.000798
1934 0.000479
1935 0.000000
1936 0.000000
1937 0.000158
1938 0.000000
1939 0.000310
1940 0.000000
1941 0.000000
1942 0.000310
1943 0.000000
1944 0.000000
1945 0.000000
1946 0.000000
1947 0.000479
1948 0.000000
1949 0.008940
1950 0.000000
1951 0.000000
1952 -0.000788
1953 0.000000
1954 0.000000
1955 0.000000
1956 -0.000315
1957 0.000000
1958 0.005676
1959 0.000315
1960 0.000798
1961 -0.000319
1962 0.000000
1963 0.000160
1964 0.000000
1965 0.000000
1966 0.001104
1967 0.000000
1968 0.000000
1969 0.000000
1970 0.000000
1971 0.000000
1972 0.000000
1973 0.000000
1974 0.000000
1975 -0.000155
1976 0.000000
1977 -0.000473
1978 0.000000
1979 0.000000
1980 0.001577
1981 0.002554
1982 0.000000
1983 0.000000
1984 0.000000
1985 0.000160
1986 0.000000
1987 0.000000
1988 0.000000
1989 0.000000
1990 0.000000
1991 0.000000
1992 0.000946
1993 0.029486
1994 0.000000
1995 0.000000
1996 0.000000
1997 0.002169
1998 0.000000
1999 0.000000
2000 0.000469
2001 0.000479
2002 0.000000
2003 0.000000
2004 0.000000
2005 0.000946
2006 0.000000
2007 0.001756
2008 0.000310
2009 0.000000
2010 0.000000
2011 0.000000
2012 0.000000
2013 -0.000158
2014 0.000000
2015 -0.000158
2016 -0.000160
2017 0.000639
2018 0.000000
2019 -0.001394
2020 0.003517
2021 0.000631
2022 0.000000
2023 0.000000
2024 -0.000155
2025 0.000000
2026 0.005114
2027 0.000000
2028 0.000000
2029 -0.000639
2030 0.000000
2031 0.000000
2032 0.000000
2033 0.000000
2034 0.000000
2035 0.030632
2036 -0.001108
2037 0.000000
2038 0.000631
2039 0.000000
2040 -0.000319
2041 0.005886
2042 0.004273
2043 0.000000
2044 0.000000
2045 0.000000
2046 -0.000155
2047 0.000000
2048 0.000000
2049 0.000000
2050 0.000000
2051 0.000473
2052 0.001577
2053 0.000000
2054 0.000000
2055 0.000000
2056 0.000000
2057 0.000315
2058 0.000000
2059 0.000000
2060 0.000000
2061 0.043103
2062 0.000000
2063 0.000000
2064 0.000000
2065 0.000000
2066 0.001117
2067 0.000000
2068 0.000000
2069 0.000000
2070 0.000000
2071 0.000319
2072 0.000000
2073 0.000000
2074 0.000000
2075 -0.000315
2076 0.000000
2077 0.000000
2078 0.000000
2079 -0.000155
2080 0.001116
2081 0.000946
2082 0.006174
2083 0.000000
2084 0.000310
2085 0.000000
2086 0.000000
2087 0.000000
2088 -0.000315
2089 0.000000
2090 0.001756
2091 0.000315
2092 0.000000
2093 0.000000
2094 0.000000
2095 0.000000
2096 0.000000
2097 -0.000158
2098 0.000000
2099 0.000000
2100 0.009618
2101 0.000000
2102 0.000000
2103 0.002523
2104 0.001090
2105 0.023336
2106 0.000000
2107 0.000000
2108 0.000000
2109 0.000958
2110 0.000000
2111 0.000000
2112 0.000000
2113 0.000000
2114 0.000000
2115 0.000000
2116 0.000000
2117 0.000631
2118 0.000000
2119 0.004257
2120 0.000160
2121 0.000000
2122 0.001704
2123 0.000479
2124 0.000000
2125 0.000000
2126 0.000000
2127 0.000000
2128 -0.000155
2129 0.000319
2130 -0.001437
2131 0.000160
2132 0.001756
2133 -0.000155
2134 0.000000
2135 0.001383
2136 0.000798
2137 0.000000
2138 0.000000
2139 0.000000
2140 0.000000
2141 0.000000
2142 0.007726
2143 0.000000
2144 -0.001863
2145 0.003154
2146 -0.001397
2147 -0.000310
2148 0.000000
2149 0.000798
2150 0.000000
2151 0.000000
2152 0.000000
2153 0.000000
2154 0.000000
2155 0.000000
2156 0.000000
2157 0.000000
2158 0.000000
2159 0.000000
2160 0.000000
2161 0.000000
2162 0.000631
2163 0.000000
2164 0.000000
2165 0.000000
2166 0.000000
2167 0.001596
2168 0.002838
2169 0.029120
2170 0.000000
2171 -0.000465
2172 0.005886
2173 0.000000
2174 0.002075
2175 -0.001261
2176 0.000000
2177 0.000000
2178 0.000000
2179 0.000000
2180 0.000000
2181 -0.000160
2182 0.000315
2183 0.000160
2184 0.000000
2185 0.000465
2186 -0.000798
2187 0.000000
2188 0.000000
2189 0.000000
2190 -0.000155
2191 0.000000
2192 0.004794
2193 0.000000
2194 0.000000
2195 0.000479
2196 -0.000315
2197 0.000000
2198 0.000000
2199 0.000000
2200 0.000000
2201 0.000000
2202 0.000000
2203 0.000000
2204 -0.001104
2205 0.000000
2206 0.000620
2207 0.000479
2208 0.000000
2209 0.000000
2210 0.000000
2211 0.000000
2212 0.000622
2213 0.000000
2214 0.000000
2215 0.002050
2216 0.000473
2217 0.000798
2218 0.000000
2219 -0.000310
2220 0.000000
2221 0.000000
2222 0.000000
2223 0.000000
2224 0.000000
2225 0.000000
2226 0.000000
2227 0.000000
2228 0.000000
2229 0.000000
2230 -0.000473
2231 0.000000
2232 0.000000
2233 0.000000
2234 0.000000
2235 0.000000
2236 0.000000
2237 -0.000315
2238 0.000000
2239 0.000000
2240 0.000000
2241 0.000000
2242 0.000000
2243 0.000000
2244 0.000000
2245 0.000000
2246 -0.000319
2247 0.000000
2248 0.000000
2249 0.001277
2250 0.000000
2251 0.000310
2252 0.000155
2253 0.000473
2254 0.000000
2255 0.000000
2256 -0.000477
2257 0.000000
2258 0.000000
2259 0.000000
2260 0.000000
2261 0.001756
2262 0.000000
2263 -0.000798
2264 0.000000
2265 0.000000
2266 0.000000
2267 0.002838
2268 0.000000
2269 0.000000
2270 0.000000
2271 0.001084
2272 0.008063
2273 0.000000
2274 0.000000
2275 0.000000
2276 0.000000
2277 -0.000324
2278 0.000000
2279 0.000000
2280 0.000000
2281 0.000158
2282 0.000641
2283 0.000000
2284 0.000631
2285 0.000000
2286 0.000465
2287 0.000000
2288 0.000000
2289 0.000000
2290 0.000952
2291 0.000000
2292 -0.000160
2293 -0.000315
2294 0.004151
2295 0.000155
2296 0.000000
2297 0.030592
2298 0.000000
2299 0.000000
2300 0.000000
2301 0.000000
2302 0.000000
2303 0.000000
2304 0.000000
2305 0.000774
2306 0.001261
2307 0.000000
2308 -0.000465
2309 0.000000
2310 0.000000
2311 0.000000
2312 0.003991
2313 0.000631
2314 0.000000
2315 0.001117
2316 0.000000
2317 0.000000
2318 0.000000
2319 0.000000
2320 0.000000
2321 0.005587
2322 -0.001239
2323 0.000000
2324 0.000000
2325 0.000000
2326 0.000000
2327 0.000000
2328 0.000473
2329 0.000000
2330 0.030747
2331 0.000000
2332 0.000000
2333 0.000000
2334 0.000000
2335 0.000000
2336 0.000000
2337 0.000000
2338 0.000000
2339 0.000160
2340 0.000000
2341 0.000479
2342 0.000000
2343 0.000000
2344 0.003942
2345 0.000000
2346 -0.000319
2347 0.000000
2348 0.000000
2349 0.000155
2350 0.000000
2351 0.000000
2352 0.000000
2353 0.000000
2354 0.000000
2355 0.000000
2356 0.000000
2357 0.000000
2358 0.000000
2359 0.000000
2360 0.000000
2361 0.000000
2362 0.000000
2363 0.004211
2364 0.016603
2365 0.000000
2366 0.000000
2367 0.000000
2368 0.000000
2369 0.000000
2370 0.000310
2371 0.000000
2372 0.000000
2373 0.000000
2374 0.000000
2375 0.000000
2376 0.000000
2377 0.000000
2378 0.000000
2379 0.000000
2380 0.000000
2381 0.000000
2382 0.000000
2383 0.000000
2384 0.000000
2385 0.000155
2386 -0.000160
2387 0.001419
2388 0.000000
2389 0.000000
2390 0.000000
2391 0.000000
2392 0.000000
2393 0.000000
2394 0.000774
2395 0.000000
2396 0.000000
2397 0.000000
2398 0.000000
2399 0.000000
2400 0.000000
2401 0.000000
2402 0.001084
2403 0.000473
2404 0.001596
2405 0.000000
2406 0.000000
2407 0.000783
2408 0.000160
2409 0.000000
2410 0.002835
2411 0.000000
2412 0.000000
2413 0.000000
2414 0.000000
2415 0.000000
2416 0.000000
2417 -0.000158
2418 0.007569
2419 0.000000
2420 0.000000
2421 0.000000
2422 0.000000
2423 0.000000
2424 0.002221
2425 0.000000
2426 0.000788
2427 -0.000321
2428 0.000000
2429 0.000006
2430 0.001084
2431 0.000000
2432 0.000000
2433 0.000000
2434 0.000000
2435 0.000000
2436 0.000000
2437 0.000155
2438 0.000000
2439 0.002014
2440 0.000155
2441 0.000000
2442 0.000310
2443 0.000631
2444 0.000000
2445 0.000000
2446 0.000000
2447 0.000000
2448 0.000315
2449 0.000000
2450 0.000000
2451 0.000000
2452 0.000000
2453 0.000000
2454 0.000774
2455 0.000000
2456 0.000000
2457 0.000000
2458 0.000310
2459 0.000465
2460 0.000000
2461 0.000000
2462 0.000000
2463 0.000158
2464 0.000000
2465 0.000000
2466 0.000000
2467 0.004448
2468 0.000475
2469 0.000000
2470 0.000788
2471 0.000473
2472 -0.000319
2473 0.000000
2474 0.000786
2475 0.006307
2476 0.000000
2477 0.000000
2478 0.000000
2479 0.000000
2480 0.000000
2481 0.000631
2482 0.000315
2483 0.000000
2484 0.000000
2485 0.000000
2486 0.000000
2487 0.000000
2488 0.000000
2489 0.000000
2490 0.006620
2491 0.000000
2492 0.000000
2493 0.000000
2494 0.000000
2495 0.000000
2496 0.000000
2497 0.000000
2498 0.000000
2499 0.000000
2500 -0.000479
2501 0.003098
2502 0.002050
2503 0.000000
2504 0.000310
2505 0.000000
2506 -0.000160
2507 0.000000
2508 0.000000
2509 0.000000
2510 -0.000310
2511 0.000000
2512 0.003311
2513 -0.000631
2514 0.000000
2515 0.000000
2516 0.000000
2517 0.000000
2518 0.000000
2519 0.000155
2520 -0.000155
2521 0.000000
2522 -0.000319
2523 0.000479
2524 0.000000
2525 0.000000
2526 0.000000
2527 0.000000
2528 0.001261
2529 0.000000
2530 0.000000
2531 0.000000
2532 0.000465
2533 0.000158
2534 0.000000
2535 0.000000
2536 0.000475
2537 0.000000
2538 0.000315
2539 0.000310
2540 0.000000
2541 0.000000
2542 0.000000
2543 0.000000
2544 0.000000
2545 0.000000
2546 0.000000
2547 0.000000
2548 0.000958
2549 0.000000
2550 0.000000
2551 -0.001084
2552 -0.000319
2553 0.000000
2554 -0.000158
2555 0.000465
2556 -0.000155
2557 -0.000310
2558 0.000319
2559 0.000000
2560 0.000155
2561 0.000000
2562 0.000000
2563 -0.000155
2564 0.003311
2565 0.000000
2566 0.000000
2567 0.000000
2568 0.000000
2569 0.000315
2570 -0.000155
2571 0.000000
2572 0.000000
2573 0.000000
2574 0.000479
2575 0.000000
2576 0.004991
2577 0.000000
2578 0.000000
2579 0.000000
2580 0.000000
2581 0.000000
2582 0.000000
2583 0.000000
2584 0.000000
2585 -0.000010
2586 0.002050
2587 0.000000
2588 0.001277
2589 0.000315
2590 0.001117
2591 0.000639
2592 0.000000
2593 0.000000
2594 0.000000
2595 0.009618
2596 0.000000
2597 -0.000319
2598 0.000465
2599 0.000000
2600 0.001900
2601 0.000000
2602 0.000000
2603 0.034004
2604 0.000000
2605 0.000000
2606 0.000000
2607 0.000000
2608 0.000000
2609 -0.000155
2610 0.002395
2611 0.000000
2612 0.001239
2613 0.000000
2614 0.006623
2615 0.000000
2616 0.000000
2617 0.000000
2618 0.000000
2619 0.000000
2620 0.000000
2621 -0.000155
2622 0.000000
2623 0.000000
2624 0.000000
2625 -0.000158
2626 0.000000
2627 0.000000
2628 0.000160
2629 0.000000
2630 0.000000
2631 0.000000
2632 0.000000
2633 0.000000
2634 0.000000
2635 0.000000
2636 0.000000
2637 0.000000
2638 0.000000
2639 0.000000
2640 0.000160
2641 0.000315
2642 0.000158
2643 0.000000
2644 0.000000
2645 0.000000
2646 0.000000
2647 0.000000
2648 0.000160
2649 0.000000
2650 0.000774
2651 0.000160
2652 0.000000
2653 0.000929
2654 0.008360
2655 0.000000
2656 0.000000
2657 0.000000
2658 0.000000
2659 0.004888
2660 0.001718
2661 0.000473
2662 -0.000639
2663 0.000624
2664 -0.000160
2665 0.000000
2666 0.000160
2667 0.001259
2668 0.000000
2669 0.000000
2670 0.000000
2671 0.000479
2672 0.000000
2673 0.000000
2674 -0.000310
2675 -0.000160
2676 0.000000
2677 0.000000
2678 0.000000
2679 -0.000319
2680 0.000155
2681 0.000319
2682 -0.000158
2683 0.000000
2684 0.000000
2685 0.000000
2686 0.000319
2687 0.006226
2688 0.001591
2689 0.002943
2690 0.000000
2691 0.000000
2692 0.000000
2693 0.000000
2694 0.000000
2695 0.000000
2696 0.000000
2697 0.000000
2698 0.000000
2699 0.008611
2700 0.000774
2701 0.000000
2702 0.030747
2703 0.000000
2704 0.000000
2705 0.000000
2706 0.000000
2707 0.000000
2708 0.000000
2709 0.001104
2710 0.000000
2711 0.000000
2712 0.000000
2713 0.000788
2714 0.001394
2715 -0.000158
2716 0.039113
2717 -0.000958
2718 0.001101
2719 0.000000
2720 0.017389
2721 0.000000
2722 0.000000
2723 0.000000
2724 0.000788
2725 0.000000
2726 0.000155
2727 0.000000
2728 0.000000
2729 0.000000
2730 0.000000
2731 0.000000
2732 0.000000
2733 -0.000473
2734 0.000000
2735 0.000958
2736 0.005747
2737 0.000000
2738 0.000000
2739 0.000315
2740 0.000465
2741 0.000000
2742 0.000000
2743 0.000000
2744 0.000000
2745 0.000000
2746 0.001756
2747 0.000473
2748 0.000000
2749 0.000000
2750 0.000000
2751 0.000479
2752 -0.000160
2753 0.000000
2754 0.000000
2755 0.000000
2756 0.000000
2757 0.000620
2758 0.000000
2759 0.000000
2760 0.000000
2761 0.000000
2762 0.000000
2763 0.000000
2764 0.000000
2765 0.000000
2766 0.005112
2767 0.000000
2768 0.000000
2769 0.000000
2770 0.000000
2771 0.000000
2772 0.000000
2773 0.000000
2774 0.000000
2775 0.000000
2776 0.000000
2777 0.000000
2778 0.000000
2779 0.000000
2780 0.000000
2781 0.000000
2782 0.000000
2783 0.000000
2784 0.000000
2785 0.000000
2786 0.000000
2787 0.000000
2788 0.000000
2789 0.000000
2790 0.000000
2791 0.000000
2792 0.000000
2793 0.000000
2794 0.000000
2795 0.007125
2796 0.000000
2797 0.000000
2798 0.000000
2799 -0.001101
2800 0.000000
2801 0.000310
2802 0.000000
2803 0.000000
2804 -0.001419
2805 0.000000
2806 0.000000
2807 0.000000
2808 0.000000
2809 0.000000
2810 0.000000
2811 -0.002996
2812 0.000000
2813 0.000000
2814 0.000620
2815 0.005046
2816 0.000000
2817 0.000000
2818 0.000000
2819 0.000000
2820 0.000310
2821 0.000000
2822 0.000000
2823 0.000000
2824 0.000000
2825 0.000000
2826 0.000000
2827 0.000000
2828 0.000000
2829 0.000000
2830 0.000000
2831 0.000000
2832 0.000000
2833 0.000000
2834 0.000000
2835 0.000000
2836 0.000000
2837 0.000000
2838 0.000000
2839 0.001734
2840 0.000000
2841 0.000000
2842 0.000000
2843 0.000000
2844 0.000000
2845 0.000000
2846 0.000000
2847 0.000000
2848 0.000000
2849 0.000000
2850 0.000000
2851 0.000000
2852 0.000000
2853 0.000155
2854 0.000000
2855 0.000000
2856 0.000000
2857 0.000000
2858 0.000000
2859 0.002838
2860 0.000000
2861 0.000000
2862 0.000000
2863 0.000000
2864 0.000000
2865 0.000000
2866 0.000000
2867 0.000000
2868 0.000000
2869 0.000000
2870 0.000000
2871 0.000000
2872 0.000000
2873 0.000000
2874 0.000000
2875 0.000315
2876 0.000000
2877 0.000000
2878 0.000000
2879 0.000000
2880 0.000000
2881 0.000000
2882 0.000000
2883 0.000000
2884 0.000000
2885 0.000000
2886 0.000000
2887 0.000000
2888 0.000000
2889 0.000000
2890 0.000000
2891 0.000000
2892 0.000000
2893 0.000000
2894 0.000000
2895 0.000000
2896 0.000929
2897 0.000000
2898 0.000000
2899 0.000000
2900 0.000000
2901 0.000000
2902 0.000155
2903 0.000000
2904 0.000000
2905 0.000643
2906 0.000000
2907 0.000000
2908 0.000000
2909 0.000000
2910 0.000000
2911 0.000000
2912 0.000155
2913 0.000000
2914 0.000000
2915 0.000000
2916 0.000000
2917 0.000000
2918 0.000000
2919 0.000000
2920 0.000000
2921 0.000000
2922 0.000000
2923 0.000000
2924 0.000000
2925 0.000000
2926 0.000000
2927 0.000000
2928 0.000000
2929 0.000000
2930 0.000000
2931 0.000000
2932 0.000000
2933 0.000000
2934 0.000000
2935 0.000000
2936 0.000000
2937 0.000000
2938 0.000000
2939 0.000000
2940 0.000000
2941 0.000000
2942 0.001263
2943 0.000000
2944 0.000000
2945 0.000000
2946 0.000000
2947 0.000000
2948 0.000000
2949 0.000000
2950 0.000000
2951 0.000000
2952 0.000000
2953 0.000000
2954 0.000000
2955 0.000000
2956 0.000000
2957 0.000000
2958 0.000000
2959 0.000000
2960 0.000000
2961 0.000000
2962 0.000000
2963 0.000000
2964 0.002554
2965 0.000000
2966 0.000000
2967 0.000000
2968 0.000000
2969 0.000000
2970 0.000000
2971 0.000000
2972 0.000000
2973 0.000000
2974 0.000000
2975 0.002838
2976 0.002554
2977 0.000000
2978 0.000000
2979 0.000000
2980 0.000319
2981 0.000000
2982 0.000000
2983 0.000000
2984 0.000000
2985 0.000000
2986 0.000000
2987 0.000000
2988 0.000000
2989 0.000000
2990 0.000000
2991 0.000000
2992 0.000000
2993 0.000000
2994 0.000000
2995 0.000000
2996 0.000000
2997 0.000000
2998 0.000000
2999 0.000000
3000 0.000000
3001 0.000000
3002 0.000000
3003 0.000000
3004 0.000000
3005 0.000000
3006 0.000000
3007 0.000000
3008 0.000000
3009 0.000000
3010 0.000000
3011 0.000000
3012 0.000000
3013 0.000000
3014 0.000000
3015 0.000000
3016 0.000000
3017 0.000000
3018 0.000000
3019 0.000000
3020 0.000000
3021 0.000000
3022 0.000000
3023 0.000000
3024 0.004151
3025 0.000000
3026 0.000000
3027 0.000000
3028 0.000000
3029 0.000000
3030 0.000000
3031 0.000000
3032 0.000000
3033 0.000000
3034 0.000000
3035 0.000000
3036 0.000000
3037 0.000000
3038 0.000000
3039 0.000000
3040 0.000000
3041 0.000000
3042 0.000000
3043 0.000000
3044 0.000000
3045 0.000000
3046 0.000000
3047 0.000000
3048 0.000000
3049 0.000000
3050 0.000000
3051 0.000000
3052 0.000000
3053 0.000000
3054 0.000000
3055 0.000788
3056 0.000000
3057 0.000000
3058 0.003784
3059 0.000000
3060 0.000000
3061 0.000000
3062 0.000000
3063 0.000000
3064 0.002169
3065 0.000639
3066 0.000000
3067 -0.000158
3068 0.000000
3069 0.000160
3070 0.000000
3071 -0.000158
3072 0.000000
3073 0.000000
3074 -0.000479
3075 0.000000
3076 0.000000
3077 0.000000
3078 0.000000
3079 0.000000
3080 0.000000
3081 0.000000
3082 0.000479
3083 -0.000160
3084 0.000000
3085 0.000000
3086 0.000000
3087 0.000000
3088 -0.000158
3089 0.000000
3090 0.000000
3091 0.000000
3092 0.000000
3093 0.000000
3094 0.000000
3095 0.000000
3096 0.000000
3097 0.000000
3098 0.000639
3099 0.000000
3100 0.000000
3101 0.000158
3102 0.000639
3103 0.003717
3104 -0.000304
3105 0.000000
3106 0.000000
3107 0.001596
3108 0.000315
3109 0.000000
3110 0.000000
3111 -0.000155
3112 0.000158
3113 0.000315
3114 0.000000
3115 0.000000
3116 0.000000
3117 0.000000
3118 0.000000
3119 0.000000
3120 0.000000
3121 -0.000639
3122 0.000000
3123 0.002208
3124 0.000160
3125 0.000000
3126 0.000000
3127 0.001734
3128 0.000479
3129 0.000000
3130 0.000310
3131 0.000152
3132 0.000000
3133 0.000000
3134 0.000000
3135 0.000000
3136 0.000000
3137 0.000000
3138 0.002478
3139 0.000000
3140 0.000000
3141 0.000000
3142 0.000000
3143 0.000000
3144 0.000958
3145 0.000000
3146 0.000000
3147 0.000000
3148 0.000000
3149 0.000000
3150 0.000000
3151 0.000000
3152 -0.000310
3153 0.000000
3154 0.000000
3155 0.000000
3156 0.000000
3157 0.000000
3158 0.000000
3159 0.000000
3160 0.000155
3161 0.000000
3162 0.000000
3163 0.000000
3164 0.000000
3165 0.000000
3166 0.000000
3167 0.000000
3168 0.000000
3169 0.000000
3170 0.000000
3171 0.003193
3172 0.000000
3173 0.000000
3174 0.000000
3175 0.000000
3176 0.000000
3177 0.000000
3178 0.000000
3179 0.000000
3180 0.000000
3181 0.000000
3182 0.000000
3183 0.000000
3184 0.000000
3185 0.000000
3186 0.000000
3187 0.000000
3188 -0.000622
3189 0.001104
3190 0.000000
3191 0.000620
3192 0.000000
3193 0.000000
3194 0.001592
3195 0.000000
3196 0.000000
3197 0.000000
3198 0.000000
3199 0.000000
3200 0.000160
3201 0.000000
3202 0.000000
3203 0.000000
3204 -0.000155
3205 0.003942
3206 0.000000
3207 0.000000
3208 0.000473
3209 0.000158
3210 -0.000155
3211 0.000000
3212 0.000000
3213 0.002365
3214 0.000000
3215 0.001104
3216 0.000000
3217 0.000620
3218 0.000000
3219 0.000000
3220 0.000000
3221 0.000000
3222 0.000000
3223 0.000000
3224 0.000000
3225 0.003627
3226 0.000000
3227 0.000155
3228 0.000000
3229 0.000000
3230 0.000000
3231 0.000000
3232 -0.000160
3233 0.002874
3234 0.000000
3235 0.000000
3236 0.000000
3237 0.000000
3238 0.000000
3239 0.000000
3240 0.000000
3241 -0.000155
3242 -0.000479
3243 0.001756
3244 0.000000
3245 0.000000
3246 0.000000
3247 0.000000
3248 0.000000
3249 0.000000
3250 0.000000
3251 0.000000
3252 0.000000
3253 0.000000
3254 0.000000
3255 0.000000
3256 0.000000
3257 0.000000
3258 0.000000
3259 0.000000
3260 0.000000
3261 0.000000
3262 0.000000
3263 0.000000
3264 0.000000
3265 0.000000
3266 0.000620
3267 0.000000
3268 0.000000
3269 0.000000
3270 0.000315
3271 0.000000
3272 0.000000
3273 0.000158
3274 0.000000
3275 0.000000
3276 0.000000
3277 0.003033
3278 0.000000
3279 0.000000
3280 0.002235
3281 0.000000
3282 0.000000
3283 0.000000
3284 0.000000
3285 0.000000
3286 0.000000
3287 0.001859
3288 0.000000
3289 0.002636
3290 0.000319
3291 0.000000
3292 0.000000
3293 0.000000
3294 0.000000
3295 0.002235
3296 0.000000
3297 -0.000631
3298 0.000620
3299 0.000958
3300 0.000000
3301 0.000000
3302 0.000000
3303 0.000000
3304 0.000000
3305 0.000000
3306 0.000000
3307 0.000000
3308 0.000000
3309 0.000000
3310 0.000000
3311 0.000000
3312 0.000000
3313 0.000000
3314 0.000000
3315 0.000958
3316 0.001116
3317 0.002642
3318 0.000158
3319 0.000000
3320 0.000000
3321 0.000000
3322 0.000000
3323 0.000000
3324 0.005414
3325 0.000000
3326 0.000000
3327 0.000783
3328 0.000000
3329 -0.000620
3330 0.000000
3331 0.000000
3332 0.000000
3333 -0.000788
3334 0.005421
3335 0.000000
3336 -0.000774
3337 0.000000
3338 0.000000
3339 0.000000
3340 0.000000
3341 0.000000
3342 0.000000
3343 0.000000
3344 0.000000
3345 0.001916
3346 0.004730
3347 0.000000
3348 0.000000
3349 0.005519
3350 0.000000
3351 0.000000
3352 0.000000
3353 0.003311
3354 0.000000
3355 0.000000
3356 0.000000
3357 -0.000160
3358 0.000000
3359 0.000000
3360 0.000000
3361 0.000000
3362 0.000620
3363 0.000000
3364 0.000000
3365 0.000000
3366 0.000000
3367 0.000000
3368 -0.000160
3369 0.001916
3370 0.001084
3371 0.000000
3372 -0.000160
3373 0.000000
3374 0.000000
3375 0.000000
3376 0.000000
3377 0.000315
3378 -0.000473
3379 0.000000
3380 0.000000
3381 0.000000
3382 0.000000
3383 0.000000
3384 0.000479
3385 0.000000
3386 0.000000
3387 0.000000
3388 0.000000
3389 0.000000
3390 0.000000
3391 0.000000
3392 0.000000
3393 0.000000
3394 0.000000
3395 0.000000
3396 0.002014
3397 0.000000
3398 0.000000
3399 0.000000
3400 -0.000158
3401 0.000000
3402 0.000000
3403 0.000000
3404 0.000000
3405 0.000479
3406 0.000000
3407 0.005731
3408 0.000000
3409 0.000000
3410 0.000000
3411 0.000000
3412 0.000000
3413 0.001127
3414 0.000000
3415 -0.000155
3416 0.000479
3417 0.000319
3418 0.000000
3419 0.000479
3420 0.000000
3421 0.000000
3422 0.000000
3423 0.000311
3424 0.000000
3425 -0.000155
3426 0.000319
3427 0.000000
3428 -0.001239
3429 0.000000
3430 0.000160
3431 0.000000
3432 0.000000
3433 0.000774
3434 0.000000
3435 0.000000
3436 0.000000
3437 0.000000
3438 0.000000
3439 0.000000
3440 0.000000
3441 0.000000
3442 0.000000
3443 0.000000
3444 -0.000473
3445 0.000000
3446 0.000000
3447 0.000000
3448 0.002075
3449 0.001259
3450 0.000000
3451 0.000000
3452 0.000000
3453 0.000000
3454 0.000000
3455 0.000000
3456 0.000000
3457 0.000958
3458 0.000000
3459 0.000000
3460 0.000000
3461 0.000000
3462 -0.000315
3463 0.000000
3464 0.000000
3465 0.000000
3466 0.011617
3467 0.000000
3468 0.000000
3469 0.000000
3470 0.000310
3471 0.000000
3472 0.000000
3473 0.000000
3474 0.000000
3475 -0.000639
3476 0.000000
3477 0.000000
3478 0.002365
3479 0.002554
3480 0.002235
3481 0.000620
3482 0.000000
3483 0.000000
3484 0.000000
3485 0.000000
3486 0.000155
3487 0.000000
3488 0.000000
3489 0.000000
3490 0.000000
3491 0.000315
3492 0.001419
3493 0.000000
3494 0.000158
3495 0.000000
3496 0.000000
3497 0.000000
3498 0.000465
3499 -0.000310
3500 -0.000160
3501 0.000774
3502 0.000000
3503 0.000000
3504 0.000000
3505 0.000000
3506 0.000000
3507 0.000000
3508 0.000000
3509 0.001859
3510 0.000000
3511 0.000000
3512 0.000000
3513 0.000000
3514 0.000000
3515 0.000000
3516 0.000000
3517 0.000000
3518 0.000000
3519 0.000000
3520 0.001596
3521 0.000310
3522 0.000000
3523 0.000000
3524 0.000000
3525 0.000000
3526 0.000000
3527 0.000000
3528 0.000000
3529 0.000000
3530 -0.001104
3531 -0.000158
3532 0.000000
3533 0.000000
3534 0.000000
3535 0.000000
3536 0.003736
3537 0.000798
3538 0.000000
3539 0.000000
3540 0.000000
3541 0.000000
3542 0.000000
3543 0.000000
3544 0.000000
3545 0.001117
3546 0.000158
3547 0.001596
3548 0.000000
3549 0.000000
3550 -0.000310
3551 0.000000
3552 0.000000
3553 0.000000
3554 0.000000
3555 0.003408
3556 0.000000
3557 0.000000
3558 0.000000
3559 0.000000
3560 0.000000
3561 0.001734
3562 0.000000
3563 0.000000
3564 0.000000
3565 0.000000
3566 0.000000
3567 0.000000
3568 0.000000
3569 0.000000
3570 0.000000
3571 0.000000
3572 0.000000
3573 0.000000
3574 0.000465
3575 0.001859
3576 0.000000
3577 0.000000
3578 0.000158
3579 0.000000
3580 0.000000
3581 0.000000
3582 0.000000
3583 0.000000
3584 0.000000
3585 0.000946
3586 0.000000
3587 0.000473
3588 0.002681
3589 0.000000
3590 0.001756
3591 0.000000
3592 0.000000
3593 0.000000
3594 0.000000
3595 0.000000
3596 0.000000
3597 0.004151
3598 0.000000
3599 0.000000
3600 0.000000
3601 0.000000
3602 0.000155
3603 0.000000
3604 0.000319
3605 0.000000
3606 0.006386
3607 0.000000
3608 0.000000
3609 0.000000
3610 0.000000
3611 0.002838
3612 0.000000
3613 0.000000
3614 0.000158
3615 0.000000
3616 0.000000
3617 0.000155
3618 0.000000
3619 0.000000
3620 0.000000
3621 0.000000
3622 0.000000
3623 0.000924
3624 -0.000319
3625 0.000319
3626 0.000000
3627 0.000000
3628 0.000000
3629 0.000000
3630 0.000000
3631 0.000000
3632 0.000000
3633 0.000000
3634 0.000000
3635 0.000000
3636 0.000000
3637 0.000000
3638 0.000000
3639 0.000000
3640 0.000000
3641 0.000000
3642 0.000000
3643 0.000158
3644 0.000000
3645 0.000000
3646 0.000000
3647 0.000000
3648 0.000000
3649 0.000000
3650 0.000000
3651 0.000000
3652 0.000000
3653 0.000473
3654 0.000000
3655 0.000000
3656 0.000000
3657 -0.000319
3658 0.000000
3659 0.001104
3660 0.003512
3661 0.000000
3662 0.000000
3663 0.001704
3664 0.000000
3665 -0.000160
3666 0.002706
3667 0.000465
3668 0.000000
3669 0.002943
3670 0.000155
3671 0.029117
3672 0.000000
3673 0.000000
3674 0.000000
3675 0.001704
3676 -0.000160
3677 0.000000
3678 0.000000
3679 0.000000
3680 0.000000
3681 0.000798
3682 0.000465
3683 0.000000
3684 0.006196
3685 0.000000
3686 0.000000
3687 0.000929
3688 0.000158
3689 0.004100
3690 0.004630
3691 0.000000
3692 0.000000
3693 0.000000
3694 0.000000
3695 0.000000
3696 -0.000774
3697 0.001117
3698 0.000000
3699 0.002235
3700 0.000000
3701 0.000000
3702 0.000774
3703 0.000000
3704 0.003627
3705 0.000000
3706 0.000158
3707 0.000000
3708 0.000000
3709 0.000000
3710 0.001265
3711 0.027261
3712 -0.000639
3713 0.000310
3714 0.000000
3715 0.000479
3716 0.000000
3717 0.000000
3718 0.000000
3719 0.000000
3720 0.000000
3721 0.006226
3722 0.000160
3723 0.000155
3724 0.000000
3725 0.000000
3726 0.000000
3727 0.010536
3728 0.000000
3729 -0.000479
3730 0.000315
3731 0.000000
3732 0.000000
3733 0.000000
3734 0.004592
3735 0.000000
3736 0.001437
3737 0.004089
3738 0.000319
3739 -0.000155
3740 0.000000
3741 0.000946
3742 0.000000
3743 0.000000
3744 0.000000
3745 0.000000
3746 0.000000
3747 0.000958
3748 0.000000
3749 0.000000
3750 0.000000
3751 0.000319
3752 0.000000
3753 0.003408
3754 0.000774
3755 0.000798
3756 0.033254
3757 0.000000
3758 0.014870
3759 0.000000
3760 0.000000
3761 0.000000
3762 0.000000
3763 0.000000
3764 0.000000
3765 0.000000
3766 0.000000
3767 0.000000
3768 0.000000
3769 0.000000
3770 0.000000
3771 -0.000798
3772 0.000319
3773 0.000000
3774 0.000000
3775 0.000000
3776 0.000000
3777 0.000000
3778 0.000958
3779 0.000000
3780 0.000000
3781 0.000000
3782 0.000000
3783 0.000000
3784 0.000000
3785 0.000000
3786 0.000000
3787 0.000000
3788 0.000000
3789 0.000000
3790 0.000000
3791 0.000000
3792 0.000000
3793 0.000000
3794 0.000000
3795 0.000000
3796 0.000000
3797 0.000000
3798 0.000000
3799 0.000000
3800 0.000000
3801 0.000000
3802 0.000000
3803 0.000000
3804 0.000000
3805 0.000000
3806 0.000000
3807 0.000000
3808 0.000000
3809 0.000000
3810 0.000000
3811 0.000000
3812 0.006780
3813 0.000000
3814 0.000000
3815 0.001104
3816 0.000000
3817 0.000000
3818 0.000798
3819 0.000000
3820 0.035793
3821 0.000788
3822 0.000000
3823 0.014506
3824 -0.000620
3825 0.000000
3826 0.000000
3827 0.000000
3828 0.000000
3829 0.002478
3830 0.002478
3831 0.000000
3832 0.000000
3833 0.000000
3834 0.000000
3835 0.006370
3836 0.000000
3837 0.000000
3838 0.000000
3839 0.000000
3840 0.000000
3841 0.003633
3842 0.000000
3843 0.000000
3844 -0.000019
3845 0.000000
3846 0.000000
3847 0.000000
3848 0.000000
3849 -0.000158
3850 0.000000
3851 0.000158
3852 0.000000
3853 0.000310
3854 0.000000
3855 0.000000
3856 0.000000
3857 0.000000
3858 0.000000
3859 0.000000
3860 0.000000
3861 -0.000631
3862 0.000000
3863 0.000000
3864 0.000000
3865 0.001437
3866 0.000000
3867 0.000000
3868 0.000000
3869 0.000310
3870 0.000000
3871 0.000000
3872 0.001756
3873 0.001577
3874 0.000000
3875 0.000000
3876 0.000000
3877 0.000000
3878 0.000000
3879 0.000319
3880 0.002478
3881 0.000000
3882 0.000631
3883 0.000000
3884 0.000000
3885 0.000000
3886 0.000000
3887 0.000000
3888 0.000310
3889 0.000000
3890 0.000000
3891 0.000000
3892 0.000000
3893 0.000000
3894 0.000000
3895 0.029120
3896 0.000000
3897 0.000000
3898 0.000000
3899 0.002395
3900 0.000000
3901 0.000954
3902 -0.000155
3903 0.000310
3904 -0.000160
3905 0.000000
3906 0.000000
3907 0.000000
3908 0.009618
3909 0.000000
3910 0.000000
3911 0.000000
3912 0.000000
3913 0.000000
3914 0.000000
3915 0.000000
3916 0.000000
3917 0.000000
3918 0.000000
3919 0.000000
3920 0.001394
3921 0.000000
3922 0.000000
3923 0.000000
3924 0.000000
3925 0.000000
3926 -0.000158
3927 0.000000
3928 0.000000
3929 0.000000
3930 0.000000
3931 0.000000
3932 0.000000
3933 0.000000
3934 0.001756
3935 0.000000
3936 0.000000
3937 0.000000
3938 0.000000
3939 0.000000
3940 0.000000
3941 0.000000
3942 0.000000
3943 0.001277
3944 0.000000
3945 0.000000
3946 -0.000158
3947 0.000000
3948 0.000319
3949 0.000000
3950 0.000000
3951 0.000000
3952 0.000000
3953 0.000000
3954 0.002568
3955 0.000000
3956 0.001916
3957 0.000000
3958 0.000958
3959 0.001577
3960 0.000000
3961 0.000000
3962 0.000958
3963 0.003455
3964 0.000000
3965 0.000000
3966 0.000160
3967 0.000631
3968 -0.000631
3969 0.000000
3970 0.000000
3971 0.000000
3972 0.000318
3973 0.000000
3974 0.001084
3975 0.000000
3976 0.000000
3977 0.000000
3978 0.000000
3979 0.000315
3980 0.000000
3981 -0.000473
3982 -0.000319
3983 0.038194
3984 0.000319
3985 0.000000
3986 0.003672
3987 0.000000
3988 0.000000
3989 0.000000
3990 0.001394
3991 0.000000
3992 0.000479
3993 0.000000
3994 -0.000473
3995 0.006700
3996 0.000000
3997 0.000155
3998 0.000000
3999 0.000000
4000 0.000155
4001 0.000160
4002 0.000798
4003 0.000000
4004 0.000465
4005 0.000310
4006 0.000000
4007 0.000000
4008 -0.000155
4009 0.000321
4010 0.003253
4011 0.000000
4012 0.000000
4013 0.000000
4014 0.000000
4015 0.000000
4016 -0.000798
4017 0.000000
4018 0.000000
4019 0.000000
4020 0.000000
4021 0.000000
4022 0.000000
4023 0.000000
4024 0.000000
4025 0.000000
4026 0.000000
4027 0.000000
4028 0.000000
4029 0.000000
4030 0.000000
4031 0.000000
4032 0.000000
4033 0.000000
4034 0.000000
4035 0.000000
4036 0.000000
4037 0.000000
4038 0.000000
4039 0.000000
4040 0.000319
4041 0.000000
4042 -0.000631
4043 0.000000
4044 0.000000
4045 0.000000
4046 0.000000
4047 0.000000
4048 -0.001104
4049 0.000000
4050 0.005361
4051 0.000000
4052 -0.000155
4053 0.000000
4054 0.001756
4055 0.002235
4056 0.000000
4057 0.000319
4058 0.000000
4059 0.000000
4060 0.000000
4061 0.000000
4062 0.000000
4063 0.002788
4064 0.000000
4065 0.000000
4066 0.001117
4067 0.003563
4068 -0.000624
4069 0.002838
4070 0.000000
4071 0.000000
4072 0.000000
4073 0.000000
4074 0.000000
4075 0.000000
4076 0.000000
4077 0.000000
4078 0.000000
4079 0.008301
4080 0.000000
4081 0.000000
4082 0.000000
4083 0.001277
4084 0.000000
4085 0.000000
4086 0.000000
4087 0.000000
4088 0.002943
4089 0.000000
4090 0.014506
4091 0.000000
4092 0.000000
4093 0.000000
4094 0.000155
4095 0.000000
4096 -0.000315
